  1.0100             0.00000012163958476             0.00000114951136843             0.00000149497348245
  1.0200             0.00000012831279212             0.00000117665842240             0.00000153532449264
  1.0300             0.00000013528767967             0.00000120478959522             0.00000157702701244
  1.0400             0.00000014257431344             0.00000123393013147             0.00000162011146253
  1.0500             0.00000015018293342             0.00000126410554723             0.00000166460850795
  1.0600             0.00000015812395096             0.00000129534162197             0.00000171054905326
  1.0700             0.00000016640794619             0.00000132766439035             0.00000175796423775
  1.0800             0.00000017504566525             0.00000136110013376             0.00000180688543078
  1.0900             0.00000018404801746             0.00000139567537171             0.00000185734422721
  1.1000             0.00000019342607238             0.00000143141685312             0.00000190937244302
  1.1100             0.00000020319105679             0.00000146835154737             0.00000196300211097
  1.1200             0.00000021335435163             0.00000150650663531             0.00000201826547636
  1.1300             0.00000022392748886             0.00000154590950015             0.00000207519499295
  1.1400             0.00000023492214824             0.00000158658771817             0.00000213382331894
  1.1500             0.00000024635015416             0.00000162856904947             0.00000219418331305
  1.1600             0.00000025822347235             0.00000167188142854             0.00000225630803067
  1.1700             0.00000027055420660             0.00000171655295488             0.00000232023072014
  1.1800             0.00000028335459547             0.00000176261188348             0.00000238598481907
  1.1900             0.00000029663700904             0.00000181008661532             0.00000245360395074
  1.2000             0.00000031041394555             0.00000185900568790             0.00000252312192059
  1.2100             0.00000032469802818             0.00000190939776566             0.00000259457271275
  1.2200             0.00000033950200176             0.00000196129163052             0.00000266799048663
  1.2300             0.00000035483872958             0.00000201471617236             0.00000274340957360
  1.2400             0.00000037072119013             0.00000206970037956             0.00000282086447370
  1.2500             0.00000038716247401             0.00000212627332962             0.00000290038985234
  1.2600             0.00000040417578073             0.00000218446417975             0.00000298202053719
  1.2700             0.00000042177441574             0.00000224430215759             0.00000306579151494
  1.2800             0.00000043997178730             0.00000230581655198             0.00000315173792821
  1.2900             0.00000045878140361             0.00000236903670375             0.00000323989507246
  1.3000             0.00000047821686982             0.00000243399199667             0.00000333029839292
  1.3100             0.00000049829188523             0.00000250071184847             0.00000342298348156
  1.3200             0.00000051902024048             0.00000256922570186             0.00000351798607407
  1.3300             0.00000054041581478             0.00000263956301576             0.00000361534204688
  1.3400             0.00000056249257332             0.00000271175325654             0.00000371508741418
  1.3500             0.00000058526456455             0.00000278582588945             0.00000381725832492
  1.3600             0.00000060874591772             0.00000286181036997             0.00000392189105991
  1.3700             0.00000063295084032             0.00000293973613550             0.00000402902202883
  1.3800             0.00000065789361566             0.00000301963259689             0.00000413868776726
  1.3900             0.00000068358860052             0.00000310152913026             0.00000425092493376
  1.4000             0.00000071005022275             0.00000318545506878             0.00000436577030686
  1.4100             0.00000073729297906             0.00000327143969462             0.00000448326078207
  1.4200             0.00000076533143274             0.00000335951223087             0.00000460343336888
  1.4300             0.00000079418021152             0.00000344970183364             0.00000472632518770
  1.4400             0.00000082385400542             0.00000354203758416             0.00000485197346680
  1.4500             0.00000085436756463             0.00000363654848094             0.00000498041553913
  1.4600             0.00000088573569752             0.00000373326343196             0.00000511168883922
  1.4700             0.00000091797326858             0.00000383221124696             0.00000524583089986
  1.4800             0.00000095109519648             0.00000393342062964             0.00000538287934887
  1.4900             0.00000098511645212             0.00000403692016999             0.00000552287190570
  1.5000             0.00000102005205675             0.00000414273833656             0.00000566584637794
  1.5100             0.00000105591708008             0.00000425090346869             0.00000581184065787
  1.5200             0.00000109272663846             0.00000436144376875             0.00000596089271873
  1.5300             0.00000113049589313             0.00000447438729438             0.00000611304061106
  1.5400             0.00000116924004838             0.00000458976195058             0.00000626832245882
  1.5500             0.00000120897434986             0.00000470759548180             0.00000642677645548
  1.5600             0.00000124971408288             0.00000482791546394             0.00000658844085994
  1.5700             0.00000129147457073             0.00000495074929623             0.00000675335399235
  1.5800             0.00000133427117302             0.00000507612419299             0.00000692155422985
  1.5900             0.00000137811928411             0.00000520406717530             0.00000709308000211
  1.6000             0.00000142303433149             0.00000533460506247             0.00000726796978682
  1.6100             0.00000146903177423             0.00000546776446343             0.00000744626210503
  1.6200             0.00000151612710147             0.00000560357176785             0.00000762799551639
  1.6300             0.00000156433583087             0.00000574205313712             0.00000781320861424
  1.6400             0.00000161367350717             0.00000588323449515             0.00000800194002059
  1.6500             0.00000166415570070             0.00000602714151886             0.00000819422838107
  1.6600             0.00000171579800594             0.00000617379962857             0.00000839011235968
  1.6700             0.00000176861604007             0.00000632323397800             0.00000858963063350
  1.6800             0.00000182262544156             0.00000647546944411             0.00000879282188730
  1.6900             0.00000187784186872             0.00000663053061658             0.00000899972480808
  1.7000             0.00000193428099829             0.00000678844178714             0.00000921037807955
  1.7100             0.00000199195852398             0.00000694922693841             0.00000942482037650
  1.7200             0.00000205089015505             0.00000711290973259             0.00000964309035923
  1.7300             0.00000211109161477             0.00000727951349976             0.00000986522666781
  1.7400             0.00000217257863898             0.00000744906122585             0.00001009126791639
  1.7500             0.00000223536697446             0.00000762157554028             0.00001032125268749
  1.7600             0.00000229947237738             0.00000779707870326             0.00001055521952622
  1.7700             0.00000236491061156             0.00000797559259273             0.00001079320693457
  1.7800             0.00000243169744682             0.00000815713869094             0.00001103525336563
  1.7900             0.00000249984865704             0.00000834173807066             0.00001128139721789
  1.8000             0.00000256938001830             0.00000852941138101             0.00001153167682944
  1.8100             0.00000264030730684             0.00000872017883298             0.00001178613047229
  1.8200             0.00000271264629689             0.00000891406018451             0.00001204479634667
  1.8300             0.00000278641275838             0.00000911107472519             0.00001230771257525
  1.8400             0.00000286162245455             0.00000931124126069             0.00001257491719749
  1.8500             0.00000293829113932             0.00000951457809667             0.00001284644816389
  1.8600             0.00000301643455463             0.00000972110302247             0.00001312234333026
  1.8700             0.00000309606842747             0.00000993083329432             0.00001340264045192
  1.8800             0.00000317720846683             0.00001014378561830             0.00001368737717793
  1.8900             0.00000325987036046             0.00001035997613284             0.00001397659104513
  1.9000             0.00000334406977137             0.00001057942039101             0.00001427031947222
  1.9100             0.00000342982233424             0.00001080213334238             0.00001456859975359
  1.9200             0.00000351714365155             0.00001102812931458             0.00001487146905314
  1.9300             0.00000360604928959             0.00001125742199467             0.00001517896439783
  1.9400             0.00000369655477419             0.00001149002441003             0.00001549112267105
  1.9500             0.00000378867558634             0.00001172594890917             0.00001580798060577
  1.9600             0.00000388242715757             0.00001196520714221             0.00001612957477736
  1.9700             0.00000397782486516             0.00001220781004107             0.00001645594159619
  1.9800             0.00000407488402721             0.00001245376779962             0.00001678711729973
  1.9900             0.00000417361989747             0.00001270308985348             0.00001712313794441
  2.0000             0.00000427404766005             0.00001295578485975             0.00001746403939696
