  1.1000             0.99999872424650460             0.99451304998392698
  1.2000             0.99999872424596237             0.99538772423773358
  1.3000             0.99999872424539960             0.99640520588102466
  1.4000             0.99999872424481395             0.99757914172771700
  1.5000             0.99999872424420322             0.99892350108008787
  1.6000             0.99999872424356473             1.00045255417885270
  1.7000             0.99999872424289671             1.00218087810453893
  1.8000             0.99999872424219594             1.00412338584756133
  1.9000             0.99999872424145830             1.00629536960389587
  2.0000             0.99999872424068081             1.00871254511045949
